0.000166119
0.000166119
0.000166119
0.000166119
0.000166119
0.000166119
0.000166119
0.000166119
0.000166604
0.000166119
0.000166119
0.000166119
0.000166119
0.000166119
0.000166119
0.000166119
0.000166119
0.000166119
0.000166119
0.000166119
0.000166119
0.000166119
0.000166119
0.000166119
0.00016589
0.000166119
0.000166119
0.000166119
0.000166119
0.000166119
0.000166119
0.000166119
0.000166119
0.000166119
0.000166119
0.000166119
0.000166119
0.000166119
0.000166119
0.000166119
0.00016589
0.000166119
0.000166119
0.000166119
0.000166119
0.000166119
0.000166119
0.000166119
0.000166119
0.000166119
0.000166119
0.000166119
0.000166119
0.000166119
0.000166119
0.000166119
63.9999
0.000166119
0.000166119
0.000166119
0.000166119
0.000166119
0.000166119
0.000166119
0.000166119
0.000166119
0.000166119
0.000166119
0.000166119
0.000166119
0.000166119
0.000166119
64.0001
0.000166119
0.000166119
0.000166119
0.000166119
0.000166119
0.000166119
0.000166119
0.000166119
0.000166119
0.000166119
0.000166119
0.000166119
0.000166119
0.000166119
0.000166119
0.00016589
0.000166119
0.000166119
0.000166119
0.000166119
0.000166119
0.000166119
0.000166119
0.000166119
0.000166119
0.000166119
0.000166119
0.000166119
0.000166119
0.000166119
0.000166119
0.00016589
0.000166119
0.000166119
0.000166119
0.000166119
0.000166119
0.000166119
0.000166119
0.000166119
0.000166119
0.000166119
0.000166119
0.000166119
0.000166119
0.000166119
0.000166119
0.000166904
0.000166119
0.000166119
0.000166119
0.000166119
0.000166119
0.000166119
0.000166119
