-2.05196e-14
-8.15107e-06
-1.62825e-05
-2.43747e-05
-3.24082e-05
-4.03636e-05
-4.82217e-05
-5.59637e-05
-6.48499e-05
-7.10249e-05
-7.83079e-05
-8.54021e-05
-9.22907e-05
-9.89569e-05
-0.000105385
-0.000111559
-0.000117464
-0.000123086
-0.000128412
-0.000133428
-0.000138123
-0.000142485
-0.000146504
-0.00015017
-0.000153262
-0.000156408
-0.000158966
-0.00016114
-0.000162927
-0.000164321
-0.000165319
-0.000165919
-0.000166119
-0.000165919
-0.000165319
-0.000164321
-0.000162927
-0.00016114
-0.000158966
-0.000156408
-0.000153262
-0.00015017
-0.000146504
-0.000142485
-0.000138123
-0.000133428
-0.000128412
-0.000123086
-0.000117464
-0.000111559
-0.000105385
-9.89569e-05
-9.22907e-05
-8.54021e-05
-7.83079e-05
-7.10249e-05
63.9999
-5.59637e-05
-4.82217e-05
-4.03636e-05
-3.24082e-05
-2.43747e-05
-1.62825e-05
-8.15107e-06
-2.05196e-14
8.15107e-06
1.62825e-05
2.43747e-05
3.24082e-05
4.03636e-05
4.82217e-05
5.59637e-05
64.0001
7.10249e-05
7.83079e-05
8.54021e-05
9.22907e-05
9.89569e-05
0.000105385
0.000111559
0.000117464
0.000123086
0.000128412
0.000133428
0.000138123
0.000142485
0.000146504
0.00015017
0.000153262
0.000156408
0.000158966
0.00016114
0.000162927
0.000164321
0.000165319
0.000165919
0.000166119
0.000165919
0.000165319
0.000164321
0.000162927
0.00016114
0.000158966
0.000156408
0.000153262
0.00015017
0.000146504
0.000142485
0.000138123
0.000133428
0.000128412
0.000123086
0.000117464
0.000111559
0.000105385
9.89569e-05
9.22907e-05
8.54021e-05
7.83079e-05
7.10249e-05
6.48499e-05
5.59637e-05
4.82217e-05
4.03636e-05
3.24082e-05
2.43747e-05
1.62825e-05
8.15107e-06
