7.30118e+29
-2.38251e+29
3.83862e+29
1.88051e+29
-1.1552e+29
3.16226e+29
-1.6188e+29
1.47281e+28
-2.5874e+28
-1.00652e+29
-7.80777e+28
-2.72911e+28
-9.89534e+28
1.47207e+28
-5.85043e+27
3.75275e+28
-5.01946e+28
1.68292e+29
-1.10184e+29
8.39626e+28
-2.24318e+28
-1.16482e+29
7.56686e+28
-1.29048e+29
-7.7823e+28
2.90157e+28
-1.34126e+29
6.01336e+28
-1.17136e+28
-5.0868e+28
1.14094e+29
-5.43083e+28
8.55141e+28
-6.90296e+28
-1.96823e+27
-1.17355e+29
-5.23244e+28
-2.3317e+29
-8.00445e+28
-3.3844e+29
-5.39348e+27
-3.29868e+29
-8.76373e+28
-1.45659e+27
-2.84143e+29
3.86511e+29
-2.95615e+29
3.21527e+29
5.78744e+28
9.79754e+28
2.37029e+29
4.31491e+28
9.44415e+28
1.11282e+29
2.61523e+28
-5.34322e+28
1.02125e+29
-9.80488e+28
-3.64179e+26
8.29205e+28
-1.18119e+29
1.20575e+29
1.18926e+29
-1.18902e+29
3.14923e+29
-1.18902e+29
1.18926e+29
1.20575e+29
-1.18119e+29
8.29205e+28
-3.64179e+26
-9.80488e+28
1.02125e+29
-5.34322e+28
2.61523e+28
1.11282e+29
9.44415e+28
4.31491e+28
2.37029e+29
9.79754e+28
5.78744e+28
3.21527e+29
-2.95615e+29
3.86511e+29
-2.84143e+29
-1.45659e+27
-8.76373e+28
-3.29868e+29
-5.39348e+27
-3.3844e+29
-8.00445e+28
-2.3317e+29
-5.23244e+28
-1.17355e+29
-1.96823e+27
-6.90296e+28
8.55141e+28
-5.43083e+28
1.14094e+29
-5.0868e+28
-1.17136e+28
6.01336e+28
-1.34126e+29
2.90157e+28
-7.7823e+28
-1.29048e+29
7.56686e+28
-1.16482e+29
-2.24318e+28
8.39626e+28
-1.10184e+29
1.68292e+29
-5.01946e+28
3.75275e+28
-5.85043e+27
1.47207e+28
-9.89534e+28
-2.72911e+28
-7.80777e+28
-1.00652e+29
-2.5874e+28
1.47281e+28
-1.6188e+29
3.16226e+29
-1.1552e+29
1.88051e+29
3.83862e+29
-2.38251e+29
