0
5.07077e+28
6.67434e+29
2.43183e+29
6.99093e+29
-8.09148e+28
4.83849e+29
3.71418e+29
1.30991e+28
8.87234e+28
-1.34875e+27
-2.8585e+29
1.07878e+28
1.66121e+28
-1.01642e+29
1.37514e+29
-2.18535e+29
1.26365e+29
-2.05748e+29
-2.17232e+29
2.91994e+29
-1.9485e+29
2.77455e+28
2.40713e+29
-8.37824e+28
3.19151e+29
5.74814e+28
-1.32253e+29
9.66335e+28
2.14095e+29
-4.15074e+28
-2.22748e+28
8.16796e+28
1.53548e+29
-7.92706e+28
3.28304e+29
8.6494e+28
2.85539e+29
-1.44436e+29
-3.45991e+29
1.63404e+29
-7.63823e+29
4.63898e+29
-4.77694e+29
-2.25106e+29
-9.81426e+28
-4.4238e+29
3.09379e+29
-2.56274e+29
-6.52157e+27
1.41564e+29
-1.35237e+29
-3.5548e+29
8.57181e+28
3.90426e+28
1.52321e+29
-1.22566e+29
1.05662e+29
5.46263e+28
-1.44556e+28
2.17106e+29
-5.8378e+28
6.04511e+28
9.16451e+28
64
-9.16451e+28
-6.04511e+28
5.8378e+28
-2.17106e+29
1.44556e+28
-5.46263e+28
-1.05662e+29
1.22566e+29
-1.52321e+29
-3.90426e+28
-8.57181e+28
3.5548e+29
1.35237e+29
-1.41564e+29
6.52157e+27
2.56274e+29
-3.09379e+29
4.4238e+29
9.81426e+28
2.25106e+29
4.77694e+29
-4.63898e+29
7.63823e+29
-1.63404e+29
3.45991e+29
1.44436e+29
-2.85539e+29
-8.6494e+28
-3.28304e+29
7.92706e+28
-1.53548e+29
-8.16796e+28
2.22748e+28
4.15074e+28
-2.14095e+29
-9.66335e+28
1.32253e+29
-5.74814e+28
-3.19151e+29
8.37824e+28
-2.40713e+29
-2.77455e+28
1.9485e+29
-2.91994e+29
2.17232e+29
2.05748e+29
-1.26365e+29
2.18535e+29
-1.37514e+29
1.01642e+29
-1.66121e+28
-1.07878e+28
2.8585e+29
1.34875e+27
-8.87234e+28
-1.30991e+28
-3.71418e+29
-4.83849e+29
8.09148e+28
-6.99093e+29
-2.43183e+29
-6.67434e+29
-5.07077e+28
